1884585
6371999
8936960
19406438
20194288
24016999
24850417
27478120
29271074
33236605
34993921
40146105
41956534
43384491
50052129
50688187
52908961
62847655
68299077
69784679
70563097
71950004
72942826
74331115
76026777
78143426
82232702
83443800
85298133
86752632
88688759
93461681
94292936
97025491
98184237
102982190
105879684
107084752
107427151
109239178
115778735
117262316
127973632
129414721
133125109
134251658
135210530
136607085
138669134
141467250
142184571
143451751
143622652
145967320
150983631
152934279
161172438
172305955
173369320
173770932
175406626
176541159
182130678
182677669
185185555
186247161
190856640
192027053
193497067
193558506
193920753
202152119
202517223
204687891
211937453
214064410
215625606
219540394
226593148
228219899
230423967
238321495
238662520
239458274
242052075
245814439
251534479
254157583
261872015
263638909
264629749
273014963
281523598
286048951
293120334
295258952
296053580
305947247
307507932
309491935
314988099
317554440
317679418
321167528
327035347
328621127
329649407
330441238
333175924
333852848
336638223
340290482
341172775
342945267
345028691
348196085
349762180
356622614
358272057
365261909
368236154
370167287
375673521
379675605
382793848
390769196
392333511
399886343
405109869
405902021
407646404
410634697
410859123
412192901
412364810
425558511
425721577
427759698
428472275
438496412
439366427
441028811
445679184
447021980
448361326
451578462
453756089
454206403
454749357
457790038
472002336
477360439
479210265
485678551
487069672
493031238
496212977
500962723
504734809
513173716
513179013
517529213
518104903
518519205
529631834
530616240
531446560
539839985
541030428
541654908
542998135
547114495
548990683
550890570
551536995
553762918
557180220
559445179
561182773
561197372
563584064
564157326
570954569
574565243
575391559
575739928
580781842
583637352
584218407
584958396
587095886
589264728
592378143
593631884
596702127
597078940
600417658
601874889
608130548
614995037
616318460
620645506
622079097
622167399
626019733
629450719
630540862
633352336
637686699
637846047
640610285
642207810
644937699
645887189
651876577
652641998
652884646
657882701
660637245
662842317
663532365
667507844
669597750
673452059
673789111
676914637
684427033
685632801
688133934
688222470
690126988
691362737
692317946
697525756
701147979
701530414
701968574
705345139
706260265
709818382
713271330
717625610
718513671
720379802
721318976
725426170
727957133
731253459
732590586
738661212
745430145
745589104
749180249
753941830
758721416
761202738
764075339
767339164
767556675
771513502
772695846
775822582
777956239
779554539
779917757
780484919
781313199
784914774
788830722
790217421
801322388
801911384
802005617
804712541
814963511
817732441
820857534
822597828
825015787
832443349
833623724
835197107
836284979
837213390
839721725
840217722
840278098
843418709
843970182
846422366
848286599
860945863
862061223
862532305
865465718
865470313
876466453
887242879
888992063
889027634
894648385
897711851
905291642
906108171
910414654
911716887
914589008
915030363
918693976
922000866
922020169
929898464
935267583
936446068
944524757
947482905
948821635
950295494
950599503
951311964
955424779
970756840
972975171
974156886
974332387
975444163
975581295
979529411
982077185
986252720
988754684
991265878
999926610
1006288232
1008196677
1015807773
1021234325
1023247605
1023758344
1030029113
1033977998
1034790994
1037597016
1041619934
1043365875
1049131001
1051147493
1051937757
1052402407
1052809460
1053854607
1056577551
1060701272
1063282053
1065832885
1072424356
1073924464
1074984566
1076506387
1076943621
1086452803
1088963402
1089032034
1111135505
1115073970
1115575509
1117940684
1118409050
1124013229
1126230651
1126238171
1128712411
1133995972
1135341968
1138229529
1140624867
1141835894
1142476276
1142854513
1145321699
1145393445
1146319641
1146497839
1148814402
1149355156
1150727739
1153489120
1154037588
1158407293
1160165422
1162279160
1162961709
1166183904
1172068352
1172503138
1173553293
1174523087
1179520608
1181340798
1183555545
1185677058
1195993451
1197886939
1199261231
1200620654
1204660557
1207838118
1214647553
1221702377
1224006655
1226408640
1226691084
1230065937
1233334978
1233755850
1234128782
1236238185
1241349867
1241546286
1242730299
1244052465
1244947396
1245870662
1249014237
1249947557
1252595099
1253037493
1256051192
1267589643
1287874422
1292171257
1292198568
1294525620
1295792995
1296661669
1300252581
1301126356
1308475471
1309311321
1310184379
1312292012
1314695817
1325834272
1326483445
1332989683
1336119006
1338378969
1341351661
1346819510
1347321280
1349829041
1352257680
1352526669
1356758371
1361178992
1363685501
1364750377
1370038084
1372361248
1382473484
1382657984
1382760203
1384106940
1391613305
1393144830
1401537584
1403389272
1403699110
1404023727
1405160680
1405550525
1406687763
1409662752
1411717466
1413435338
1414351236
1420381403
1435434629
1440158442
1448641437
1449177340
1450826587
1452342806
1458538709
1461391723
1469935923
1480388061
1493403172
1499256620
1504885845
1509451320
1509786656
1511638842
1512834697
1513119671
1516734523
1516927123
1517865190
1525867032
1525936918
1534463509
1537413149
1538292799
1544589221
1546437726
1556317471
1560026126
1560723353
1564985229
1564991222
1571079176
1576502369
1576697480
1580382089
1585240713
1587204075
1594996888
1595050898
1600489208
1605376348
1606268695
1609449037
1609455088
1622500715
1625658138
1631216915
1631562189
1635159215
1641863377
1646283370
1648771816
1656951563
1670677494
1670939943
1671213140
1672394668
1683425900
1690133783
1694269333
1698508979
1701036347
1701486196
1706996495
1711512753
1711599498
1712129413
1715043336
1715575425
1717314550
1725187179
1729097066
1729477777
1729981694
1733246012
1736945311
1738292299
1750780186
1753826027
1754480378
1755075157
1761072938
1770459582
1774879566
1775546292
1779140470
1779959165
1780396936
1780681684
1781190525
1788740951
1790745112
1792223092
1792803627
1798835245
1815917835
1815953336
1816271167
1819765083
1822394048
1823756620
1824147516
1830335908
1831154209
1831760428
1832499795
1834274629
1834516482
1836743040
1837530372
1843712459
1845732952
1846990489
1847568784
1849004691
1849482322
1853008932
1853210739
1858150247
1860272154
1863079475
1866066908
1867488490
1876914737
1878241977
1879794616
1881278734
1884397792
1885907077
1886481274
1890399783
1893972769
1896216441
1899846128
1902680571
1903230436
1903991937
1912106232
1926414271
1927009700
1945341453
1946171963
1950862650
1954825052
1955425045
1955999380
1956995877
1957557932
1961523868
1964468692
1965899189
1974041757
1975824658
1975985341
1984925459
1985044258
1985729315
1989206877
1995897060
1997712749
1998871753
1999913682
2009497160
2015575165
2024180791
2024506301
2027115077
2031830108
2040617137
2041533992
2042523131
2043106547
2043633585
2044199306
2044560209
2044653271
2046720375
2047140161
2049459457
2057257836
2057573358
2058014075
2062145796
2062758643
2063120810
2068065190
2074260204
2076079163
2076180095
2081799458
2085927513
2087987638
2088899660
2091325532
2092870113
2093935262
2094628306
2097331495
2099004158
2099151428
2102789715
2105910068
2106293227
2109534073
2117112006
2118102210
2119025162
2119702967
2119798587
2119817782
2130187634
2131636588
2131764888
2132347835
2133469547
2137777851
2144977997
2145476728
