1928765
4479278
11970978
13276754
13932246
14628353
15716038
17785470
19741674
23752958
25258257
26875297
28320843
33699768
36163441
40216399
40995854
41530416
44141005
48230651
50013867
51641643
52250982
61080786
63468445
65858655
69516437
70899882
71452762
75206815
78921575
79942751
83540999
83593563
83729603
85174916
85738772
87587036
91126552
95754963
99892193
100008040
103268048
111756520
120087244
121297701
122325050
122483611
123561636
130431245
131652691
133397581
138871567
139693939
141137042
142200603
148077706
152117040
152213232
152334099
156630944
159624635
160436687
161661385
174574152
175047029
176537197
177321521
185537028
188767871
190598923
191377046
191848603
195835953
196868459
202000766
202076550
204204961
204498650
205183704
207294581
211295849
212674104
213166750
215136735
218016040
223436672
224883248
226551374
226965323
227664361
230758009
236690479
255255172
255274921
255923906
257677151
261891993
264131115
264292254
266114052
268582977
271683127
272223926
273571418
274273393
276798611
282850665
283308332
283904754
290874850
293447902
298811735
302925187
305106435
317581160
317595132
318524810
319132783
319711455
323946513
329091108
329131270
336933662
337262456
342267558
345022009
347506984
350997113
352437375
353022649
356645085
357700513
358767146
366266204
368385879
372244398
381115995
383148347
386339391
391271170
393911621
396057310
402951456
404407501
407604671
408119153
415319246
420167357
424167560
424766790
426011725
435596039
444352555
446048120
456054112
459295960
463212261
467754378
469023071
471730602
476084240
478694669
480681003
484081236
489047445
495223765
496551881
499627076
502215730
502708203
503200717
503848733
505710289
506858261
507084818
516393851
532324241
534011273
535291297
536619963
537869410
539680623
541063961
542744337
543137739
554333488
568119477
571206562
571471812
573762770
574134261
579058363
579835352
580250252
580341345
587072345
588482498
588711362
589973858
590177155
591890525
592354086
593569850
594766647
601140107
603969993
604165342
605110862
608721791
612247125
614365398
614811191
621228545
623729643
628081967
633304908
636406602
636495092
637671474
639297039
641648836
642364880
643833985
644957816
648530773
648696434
650523142
655063199
657635410
661400534
669891930
671755377
675226589
678895808
683545059
685195505
687038480
687286100
687779205
688479704
690844054
690872596
691733475
697998846
699100499
699464464
704675675
704898200
707214726
708130920
709202513
711825113
713421943
720534691
721550809
723470578
735171659
737897810
742500434
746154400
747219930
752111468
755157451
758633207
759800771
764338962
765718160
774597377
774994542
775265171
778621227
781441040
781547433
782478664
783418066
785770629
787350474
788261278
792173870
793304498
796576154
804648532
806357901
811976539
812035068
816100523
819796902
825685405
826244691
826537763
830498656
831831396
835996747
841430775
842339601
842874827
843391322
844948339
848299039
849276652
849369949
852944897
858549027
860680935
871088960
873454433
885259008
885353832
888411538
888846355
892371729
898452189
898872130
899053956
904219978
907530756
908810436
912968093
916956692
917166309
932336380
943813098
944439953
947560221
948471572
948714772
950679222
953276240
955376812
956965537
958084815
963730982
967530283
969325845
969923623
973075506
973123562
987775286
989472983
991540154
991582052
991811103
996012820
996129121
1000491046
1000877320
1010027147
1011216438
1013739866
1014699405
1016785444
1023352165
1023837523
1026516474
1026634224
1029300360
1032395141
1032958154
1033793135
1034975350
1036122244
1036536867
1036931234
1041459387
1043616765
1045593113
1046447244
1049015857
1050036230
1055757886
1060823378
1065260135
1065794038
1066928635
1068529145
1076468746
1081394800
1085833280
1089693325
1098357181
1098442648
1098502150
1100694640
1102661955
1104948800
1125551350
1127356172
1128929943
1129041400
1130702711
1134299986
1143498243
1147958326
1149617396
1150655094
1152653170
1155703834
1156428894
1160753559
1179874900
1181934127
1183813841
1189773931
1195907818
1196529625
1207502556
1212503647
1213009689
1214747976
1216231129
1229517493
1229690575
1244522377
1248389336
1260964026
1263861131
1266190086
1268318606
1273171206
1273537321
1280555269
1285278616
1289753752
1291494364
1291581939
1292716251
1293711731
1294481204
1296012061
1304171566
1305985140
1310221100
1310704310
1312063459
1312629478
1323244853
1323299230
1324520729
1328418466
1330393221
1330972402
1334215365
1338830059
1342070173
1349510278
1352521344
1353600837
1356435402
1359424830
1363079656
1367421424
1372140494
1373416108
1377193286
1384018326
1384310675
1385028097
1385753472
1387075336
1389182001
1391124162
1392057437
1394522314
1395081777
1396846162
1398017322
1400188564
1400325168
1401064988
1404912547
1412811207
1412853417
1418294323
1420536682
1422755169
1424137520
1424733648
1429771877
1432751266
1437500826
1440555098
1441317279
1443277098
1443594740
1447232957
1451778810
1452844505
1456047103
1457721379
1458865652
1459985967
1461246940
1463149451
1463493262
1468945699
1469914867
1470193324
1470373935
1471840477
1473300388
1475668603
1476670454
1478928296
1480248075
1480399516
1483387117
1485759060
1485878654
1485956527
1488468017
1489163850
1489815844
1490217310
1490640492
1497981184
1498731348
1502916326
1509152461
1511083801
1517918910
1528555519
1529640640
1541023150
1541843895
1548832745
1556651622
1559480581
1562266203
1568024306
1570016200
1571485072
1582659928
1583385991
1585578129
1587861420
1588127244
1588789480
1590635589
1591976446
1598702861
1602404812
1603801615
1605769807
1607152835
1609122851
1612898488
1614975144
1616372202
1617197754
1618965707
1620292611
1622493241
1630274057
1630884074
1635533114
1640183967
1642600932
1643374033
1644446379
1646011071
1647456576
1653756386
1669101018
1674994788
1676595065
1682985058
1686540020
1687884388
1689615046
1690992563
1694689539
1695953945
1699184603
1703102296
1703359444
1704250548
1704877657
1710479623
1710924808
1718664154
1719419896
1724614775
1726011173
1726686230
1727374519
1730059744
1731032910
1736850148
1739588654
1743490125
1748110281
1750238040
1754247952
1756155324
1757683026
1757782770
1759308155
1763189089
1764389936
1766748702
1774052825
1778597935
1789804667
1792429842
1800624425
1801045343
1803087722
1807971694
1809683162
1810922262
1811259693
1812825693
1814925019
1815105337
1815513741
1816194259
1817057875
1818515715
1819165375
1822551138
1823049735
1828808233
1834139655
1835429537
1835842828
1838893197
1840798002
1846648625
1847185927
1847704396
1850289200
1854142991
1873005599
1880036044
1880387656
1880754188
1883115418
1883501027
1884859609
1885881172
1891788411
1895172309
1895244625
1898960071
1901828729
1908376336
1909821953
1915956629
1917233346
1926242167
1927488408
1928014093
1931490411
1933384128
1934845057
1935906467
1937060190
1938156211
1938863865
1943915912
1944750674
1947407334
1950220028
1951588837
1955941516
1963719157
1976874783
1981410456
1983397384
1985502384
1993408480
1994016167
1998023200
1998269297
2002711902
2008926498
2012678605
2012824810
2013974066
2014086737
2026020491
2026489808
2027962239
2028885368
2029366621
2032212150
2050429134
2050826848
2053391842
2054324487
2057719205
2067435230
2067737483
2070147748
2070610952
2070719879
2070888509
2071715843
2072234570
2073744388
2074244785
2074390338
2076535267
2077163742
2078829677
2079295646
2085790211
2086976009
2090822684
2092804009
2096206634
2097928186
2105451031
2105576674
2106546560
2108419557
2110303660
2112853747
2113260485
2116250376
2118544745
2119621054
2128037856
2130577676
2137309189
2141874428
2145241627
2146445732
