2855280
4913227
8629188
10068571
11312815
11400585
13149278
13552518
14325906
15065494
17287061
17911198
20807660
21081767
26253598
27815850
31399356
39346629
40629079
46734626
59538868
68903928
68933644
69087885
71178954
74937629
84369127
85857431
87137651
87831272
89372853
93339039
103615829
108228109
116547852
117592864
119715449
123131080
125677840
128430166
129573284
129726143
130220767
138958344
143070964
143903444
144322179
148487613
156288499
157542676
160534549
165093204
165617018
168865131
169865318
171973272
172607704
181440317
181953451
183235311
184418998
184934007
189766130
190050153
190186179
191980978
194949340
197945542
198021065
206319489
212209609
216910976
222937809
226023952
226604056
232778078
238901720
243841643
244054230
248260845
252378796
255232595
255313877
257333678
258926724
260074320
263672083
271977693
273828904
278605210
280293150
281262865
287379138
289269547
290450263
292835941
292904694
294946302
295101420
297109473
298920019
299029801
300001944
304592232
304734727
313415848
313480778
314662500
318475053
319470206
319781720
322598023
326569050
326914785
327298032
327794524
331718095
334594676
335957199
344930792
346820989
347273018
347391849
350627367
350937307
351154226
353904168
357240399
362054836
367240610
368302412
370870487
373896288
376523924
377597962
381029696
381337029
381559238
382040273
383945788
384013962
384052087
385794206
386131115
386415014
388004033
389170128
394250012
396541117
397639924
398014273
399333098
399617350
399786732
401348429
406469605
408759815
410286971
414230795
414654764
418555191
422792481
424943812
428958712
429638977
435938368
441656031
446042407
450221547
452267970
453734798
454583331
454664922
455171106
455506936
455794204
459017779
459126025
460833338
463081576
463275401
470920144
474770449
478905614
479943124
480137118
481354142
482623670
483587512
485691337
486591770
488511747
491379149
491882296
494656755
498173601
498189926
500350366
500863673
502271338
508720702
516364422
518184033
518596786
521027181
523188118
524363786
527161962
530150614
531311104
534037971
537124200
537761294
548166345
553715094
555423027
559220241
561779677
562954908
564014426
573465008
574632163
575474207
576002123
576435067
581701006
582389634
584250579
584336471
586949348
587835004
588567220
590303906
599021672
601089099
602534355
607380183
608802982
611383696
611488315
619084684
619433436
621360779
622358504
625879993
626634742
627864770
628493145
631076998
633341882
636512450
637180288
647150403
647205862
647601565
650669404
651109738
652710469
655147580
659547413
661147352
663385839
666815532
667173767
674100359
674260040
682131427
682153962
682507293
684599228
685218564
688572387
689471728
691967755
692850196
695681784
698135630
698310008
699235753
704981211
711196765
712420058
715104701
716697131
718499657
723636103
724027928
726094407
728680902
730662669
733276673
733325191
734836758
735847547
739588458
741411405
744050726
749744165
758383607
768149567
769344980
770240438
771037684
777018440
779636249
785578873
786883748
789000555
790089949
790139345
790329866
790378570
792379959
800970543
801107317
802828461
804412197
806528028
806642987
810493777
813443463
813942504
816673134
823155486
825325405
830119128
836564431
836783907
837837904
845439452
847695425
851438586
857127979
858923015
864704411
864738382
866862568
869254717
878665323
887701167
891065683
894049755
895846752
896425421
905808314
907654671
911447405
914028990
916718891
918363898
920632763
920985629
924473895
931693151
934300099
935984337
936439807
937215116
939874595
940232040
940598906
944510686
945459074
947010313
948451533
949511057
949530082
950551629
950854410
951932778
952090160
959150890
961852213
966893808
972227603
975372252
977062697
977882671
979581446
979821154
983875866
984509000
994916845
998471118
999328969
1002390741
1003414010
1003443717
1004888029
1009141837
1009323892
1010073951
1010767830
1016548995
1018687575
1019392992
1023703732
1024618060
1024784287
1024796778
1031878335
1036955732
1040243755
1040564927
1045863061
1051313461
1051846848
1055378137
1056629373
1065196428
1072854046
1074068975
1076910138
1079681004
1080967447
1083497650
1086166163
1088981548
1089105804
1091646311
1092155937
1093905340
1095041994
1099152565
1099607700
1101691460
1102265225
1103859452
1113824990
1114875539
1121616469
1127111793
1127537503
1134707939
1136056527
1149358367
1150383442
1155920769
1158163319
1167127985
1168440580
1169381106
1172900689
1175873762
1176532514
1177380982
1178277862
1180149125
1180237128
1181766057
1183173248
1184949045
1185250910
1187437281
1189484210
1189914824
1192036661
1192403857
1193457891
1193622469
1200663320
1201363941
1204247169
1209428985
1213224087
1215725020
1215796468
1222731415
1222765407
1223125281
1224234838
1227594968
1229825017
1230153869
1231535834
1231577768
1234456701
1242017784
1242942407
1243071964
1246376816
1246717459
1248701443
1248961490
1257375161
1258150381
1258486338
1259485280
1259738373
1260264158
1268274087
1273063870
1273288893
1275714436
1275897118
1277621013
1277935220
1278109780
1283885435
1285192319
1285256263
1288652048
1289843851
1290359030
1291031879
1295221654
1299653674
1300342903
1302617743
1303246698
1306852349
1310868140
1313230447
1315185903
1318136028
1322102250
1323145057
1325464357
1327841016
1328496973
1332684004
1333004555
1333983840
1338761813
1341703395
1342439141
1343024673
1346237114
1346752656
1353128683
1363295486
1367882169
1369317647
1371006614
1374835271
1375710856
1378646931
1379271040
1381545413
1382183762
1383621472
1390155444
1390359892
1399880684
1401022674
1401191569
1404203359
1407743334
1409508880
1413358216
1418026919
1420531686
1422582781
1422769420
1423293821
1423430339
1424640200
1424648408
1426151215
1427898586
1430666265
1432895259
1436753848
1437309499
1437787454
1444774941
1446221095
1452524145
1453466182
1455334179
1465244447
1465301165
1466616195
1467148592
1469883562
1481537533
1484416805
1489197536
1492919127
1497039551
1507827431
1518913815
1519735724
1525278975
1530726104
1530993582
1532137618
1534734528
1539233586
1539624166
1542881682
1547057999
1548706596
1549061212
1559490955
1559600080
1565187738
1567283246
1567542776
1568089856
1568480447
1571841317
1572661059
1573045365
1573150188
1574271797
1574859310
1575066974
1577193936
1577697553
1582711738
1583120463
1583702041
1584251543
1589580932
1595482777
1598124447
1598976278
1600995705
1609465105
1609957332
1613002248
1624267042
1627887399
1628495788
1630526889
1632660997
1635693776
1636147025
1637328027
1641051459
1641444232
1645380798
1647522009
1648056242
1648109083
1648151212
1656247533
1657237502
1661089934
1663518580
1663624206
1664292264
1672907986
1680156990
1683089088
1685133033
1686931877
1687870252
1691094465
1693931648
1694501787
1694636181
1704275495
1705670939
1705749780
1706269295
1708614178
1710891242
1714954017
1717901834
1718748331
1730094480
1733435759
1734015838
1734818860
1735636474
1737463650
1740673072
1740732922
1743359965
1747177306
1748057830
1748598217
1749431059
1750766606
1754253597
1757979727
1758258944
1758413384
1758500828
1759712069
1763413190
1765570452
1765798240
1770612853
1772185101
1774349804
1774682510
1777348657
1779444086
1784044443
1787561139
1790596652
1792072028
1798216597
1798952740
1799634813
1808625110
1815291086
1815390568
1819274964
1821557142
1821990806
1822167553
1822740684
1825305265
1828112423
1828635093
1831160637
1832783517
1838354380
1845060739
1848726820
1850268124
1852009394
1854137332
1856747661
1862369849
1867951595
1869584753
1876134608
1882336328
1886756908
1893151508
1896092786
1896280055
1897127607
1903728824
1904544627
1906547080
1911490715
1912456001
1914757678
1916806419
1917673721
1918902674
1919876625
1922592628
1923832141
1935983328
1936031679
1938184496
1950170959
1950254892
1952171774
1956583352
1964011424
1964521843
1964541185
1964688237
1968494100
1969103447
1975346034
1977376210
1980582014
1981004043
1982471638
1983671033
1988164720
1988553299
1989277289
1989328017
1990123357
1997323891
1997783268
1998633459
2001287097
2005973770
2009483933
2009831465
2010782649
2012857751
2013352543
2013427695
2021313974
2022915603
2026794200
2027339518
2030884927
2031657850
2033473368
2034866576
2041691563
2042706055
2044315680
2053257051
2059635166
2061566266
2063645056
2068629209
2069578849
2073355444
2075542241
2077375158
2078684132
2079841624
2086136750
2086446604
2087085443
2089858621
2090822674
2100024869
2100614654
2104204393
2106779441
2107383734
2109300725
2110290770
2111303103
2112145277
2112200672
2119902428
2121562905
2121700006
2122247428
2122544735
2126689566
2129387514
2131278521
2133939861
2139599259
2145120939
