1435169
2855943
3803572
5791509
5869547
7972002
9102046
9805256
10610041
10938089
19996735
36799256
38204037
41224536
41663671
41988014
48423496
50142853
51411692
53708977
56509207
63053622
64983515
72097677
73917068
76579959
80017966
81334487
81630553
81816386
83304735
90121736
96125413
97500367
99471248
104263132
108599334
119401892
129893694
139668309
144792443
153171223
155495767
156659844
157788925
158253700
158645508
160355676
161649575
161654126
161826981
167046886
168894147
179109490
179247263
179828307
182100709
184020744
187154001
188761284
191561453
201718813
205643192
210994160
211408853
211536431
211552675
212792849
218490172
226710426
235087388
241108314
243977223
246371213
249038216
252383705
252773826
254164397
259008874
259065705
262427947
263164842
269076946
270757263
274873620
277593570
279273508
281116382
286816869
290556817
291425904
294381415
300109657
300560117
302423024
306287408
308095452
313077895
314286277
314630633
319227919
322201962
322231108
324783487
331523794
331992706
332614249
333094738
334594069
335122200
338413305
339986426
341681563
343557571
344249436
346922147
347639839
347749802
350035933
350134271
354082227
368773273
372078663
376275552
382530349
382803352
388028441
388671067
389988504
392219508
393996699
394107757
395829498
396046496
401868754
402419188
403701043
404115514
407504836
412505475
413339215
414817543
416379034
416696084
424155808
424272299
425645145
427617450
428542175
430710462
434876743
435971670
442818964
451481942
451762609
454787914
459491035
460192728
461784819
463577066
463709662
466239726
466523043
466603109
466910921
474956779
479325834
484675400
487273652
492727354
493453854
493523981
495353718
498565266
499074876
499246052
501922371
505162207
506748185
509385842
516419473
522003543
523693709
526155891
527077321
529466403
532727110
533974729
537191540
537682048
537906637
548043714
548982836
549923858
551484840
555143910
556960792
560142330
561374732
561563162
562470075
563606643
564880431
565246115
571226975
571695846
574042233
577188847
581392599
587245302
591168735
594819041
598697702
601499917
602794107
605170574
605650621
607025616
607619069
608428369
609608847
609787135
609872034
616165607
619285026
627033093
629318030
632348675
634145965
634503854
637305784
637566211
638894836
640041046
645369809
647039816
649647900
650247044
656963102
658987489
663318727
668494864
672113747
672505809
677148623
677553569
681092012
683345923
683404668
685213427
686140004
691852313
694563821
698465422
700045817
701127648
705992367
706301900
714271007
715422656
716580768
718653950
726170925
726410794
729211015
730253716
736451946
736666360
740001871
740407318
743644699
748129786
751317067
752119474
755193767
757108291
759449103
759628776
766562494
772258847
772451201
774632582
774791279
775321170
778033950
783253276
787855562
787881350
788246167
789918966
794289585
795832229
795886373
802578664
806483322
810233112
813479333
818132141
821141840
825393952
827661053
830052903
841451500
842849206
842938222
846499516
849140888
849484427
853516373
854978257
859989920
861438305
864864420
866705343
868706342
872007751
874910639
875700292
878438362
885368027
889517178
892309917
895218287
900414461
900915207
902305809
908287565
913288199
919278315
929504551
935089246
937340747
938455366
943939921
944417621
949150981
957597540
961907917
962733052
964469630
968906922
968951198
978904838
980121980
985906385
987648886
993168516
997274343
1005933679
1015208696
1019496960
1020142169
1020304788
1024119287
1025607174
1029560044
1032786983
1033288313
1033595081
1035482873
1036597310
1037872546
1043564131
1043687395
1046847761
1048689092
1049510190
1049872475
1052448016
1055207301
1057649486
1061349575
1065599490
1070987770
1071039403
1075317646
1075703953
1077180491
1077676213
1078613910
1085348516
1086060651
1086370930
1086568860
1094447132
1095545005
1096216798
1098616465
1098821253
1099404162
1100051266
1101979533
1102588828
1103135043
1106527039
1111772565
1116131237
1124085932
1124152895
1127685935
1129459453
1129883516
1131094189
1132639684
1133646120
1136669199
1148088011
1160747302
1164343150
1164777140
1167951466
1169135159
1174111514
1174468018
1175510969
1175719879
1178798650
1180649706
1181595320
1181992749
1185180914
1189123517
1189374753
1189842918
1192764983
1198294711
1200989258
1203578590
1203937560
1204072021
1207360032
1210436392
1210640233
1211972559
1217070738
1222217241
1239710920
1244330586
1244661524
1247736152
1253123153
1253599175
1256243929
1256429855
1258356458
1258599040
1266252929
1268404416
1274700997
1275342079
1275739420
1279929706
1281710987
1285641130
1288440663
1291259431
1300351828
1301636219
1306468563
1310090304
1313283687
1314391467
1315941227
1317915082
1321061308
1326970306
1327847029
1327918727
1329474447
1332181757
1336551858
1342670321
1347825440
1350753316
1351391319
1352021502
1354521043
1359866735
1360027024
1360050272
1360894428
1365426087
1370566649
1371042218
1378029552
1386940379
1393158210
1396891037
1397842864
1405863929
1405958313
1410329837
1418472391
1419477318
1421947878
1424795673
1427491093
1430353558
1431267707
1442101247
1448435751
1450245284
1474070377
1474324770
1475999417
1479961730
1480193450
1480372940
1480665184
1481043573
1481543879
1482070301
1485359733
1486199288
1493214226
1498080261
1499432794
1505542908
1509839873
1512608466
1513578123
1513719339
1516458966
1519445315
1520029905
1528397693
1532266975
1538595022
1539915629
1546897886
1547169566
1549614840
1553957354
1558895125
1561196556
1562507911
1565760000
1565774434
1569135484
1574752375
1577813415
1580702512
1581235599
1586144393
1588180420
1589362728
1594217660
1599598761
1606984044
1614302940
1617678620
1626151984
1627254233
1634732802
1636558520
1640424661
1644441156
1649608841
1651402043
1659190788
1661699688
1663335855
1664496097
1668608983
1671700396
1673916331
1676022596
1676918618
1679985065
1684537789
1685954416
1694237412
1696692966
1697364099
1698323626
1702582430
1703644706
1708595391
1710545370
1714354993
1717085700
1718609817
1723080273
1723674392
1728124484
1732204862
1732453368
1733135051
1735657766
1736052661
1736073769
1736540483
1739970409
1740553164
1744610340
1749701322
1750573332
1753657688
1754628053
1759243771
1759755482
1760469950
1761778949
1763322654
1763714546
1764946394
1769020172
1771284124
1772880192
1778030942
1779393394
1779981046
1788786817
1795896637
1799275291
1809102357
1812617511
1818488220
1821218201
1821920092
1826482836
1833655595
1834570519
1836676147
1838177836
1838997625
1842428711
1842577938
1845360762
1849966823
1851810846
1859250715
1859503366
1870137485
1871345696
1875003882
1877455566
1878796902
1880118982
1880645866
1891081986
1891303283
1891315509
1896852542
1901846638
1906221791
1909379579
1911885338
1922172699
1923154487
1923906949
1929695961
1930844444
1931958069
1934117495
1936631194
1937499443
1937962513
1940343928
1944331413
1944993901
1947393363
1948148365
1949518127
1957845504
1960518102
1960592827
1963642077
1970324353
1980877484
1989648211
1993888393
1995666834
2006327708
2006402698
2007325802
2010231648
2012712314
2013602864
2015390235
2017768110
2019360560
2027799397
2029952085
2030072107
2030814696
2031004883
2036546606
2039617841
2044563111
2048755001
2051876398
2052718715
2052779517
2057167341
2060870954
2062414299
2063916457
2067684077
2070730626
2071751889
2077241217
2079031216
2087988227
2088026455
2088482751
2090826948
2091119803
2093384084
2095949575
2096069265
2098212061
2104878706
2106297518
2108511501
2110762708
2110787230
2110960656
2114768081
2115346485
2124245285
2125138160
2132187528
2132528312
2133965631
2135095369
2144084940
2144432749
2145123053
