887246
5303592
6401475
7378463
9840948
11389991
19161489
27555734
30584029
31417622
32958937
35375778
40572217
40841149
43062224
44809729
53549077
56026790
59611550
60864603
61606378
71643630
73760645
74070488
82374863
83330852
84223172
85297788
86489160
87381708
99760969
102137678
112660917
116237524
124986300
130077987
136807311
142570865
143998146
149425316
159489785
166564511
185901732
194893282
199360071
200666363
203689046
204683741
205508270
210365365
211423640
214318908
215407975
224357750
246093553
248203447
251908446
265716144
269442148
277823714
286882272
299053139
305534154
312862804
315379095
316878044
321931046
323267257
324128860
324512838
326442717
331277192
333890524
339742516
347128431
347717917
350593032
366077565
368329623
382291720
387114724
387542724
388050447
396038523
397119324
403249016
405737334
413854274
419657748
422172039
432228815
440833242
442473564
453314045
454289812
455612883
467076021
479126301
485225039
494842389
498451699
506286353
511621561
521059363
522902872
529557989
529871114
535530431
537298114
539772303
547247382
548516666
549897438
555989240
564988834
570223977
574064128
574217009
575184944
583388185
586808869
588449834
588940151
593880048
594775472
595206126
596176558
597096196
603289589
637462901
646438626
650531956
651337615
658828899
659300971
660900461
682397269
687617074
688669952
700956299
705534830
719206170
722661508
724301364
726976980
727810737
734334182
749166649
753712620
758608611
764117772
766666803
769341672
773283270
777183770
784548116
788179558
788520193
792027532
793792283
808267472
809075736
809808583
811181560
812268676
819783795
823789514
824525457
826737866
829790070
845919072
851473888
852606593
854807574
857269512
857921362
869055463
879125176
891600460
892987196
914165603
918885899
925486180
933695313
938223162
944505199
947750775
954116962
954914618
957738602
961065626
966793313
968625743
982171593
982902669
989753998
995053858
1020099964
1033938389
1037014777
1037378000
1038858688
1044422144
1049202305
1050237151
1055919106
1062893923
1073291384
1074373193
1076402086
1081215344
1081939703
1082754790
1087911090
1090641217
1093955162
1098485217
1102549505
1104166385
1104690695
1107175196
1108029635
1108566928
1108887955
1119548039
1132081336
1133115549
1134983685
1142091255
1144935020
1160398916
1163867406
1163941348
1167634008
1167702164
1170616352
1170658211
1178883394
1181001159
1181456594
1181822814
1183783329
1186725818
1190745268
1200945159
1202609547
1212564241
1215255015
1216771019
1217824836
1228330367
1245178972
1245322439
1251754259
1254696610
1263539671
1267635077
1271232325
1272730095
1276661880
1278544336
1283278983
1287506308
1289188115
1292182283
1292802484
1294153265
1302287764
1306051837
1307146546
1309458661
1318238968
1322749549
1334782895
1335405651
1341634802
1344149637
1347099983
1364829483
1369907850
1372808274
1374292237
1382868472
1394694997
1395713552
1415032217
1416287174
1416549172
1420237233
1422134222
1433819610
1444247098
1448798039
1451337897
1458140947
1459165342
1461963273
1468103107
1469404020
1469904638
1484025001
1488225103
1494853773
1496905767
1497838853
1498152920
1503086218
1503483138
1504107425
1505202084
1509199505
1509501025
1509660203
1512973687
1516772253
1519926265
1523647090
1525582805
1539864107
1540382550
1541430745
1542224016
1543003774
1543994377
1549221815
1557904695
1558939012
1583584641
1603259762
1612027272
1615221228
1618653560
1620193437
1621954565
1626288533
1634006974
1643616565
1645361323
1653732527
1659470118
1660133874
1660376175
1660854852
1662942102
1666672723
1679308477
1679602927
1679999551
1682348525
1686509581
1706523026
1715726256
1717334629
1721041141
1724658406
1728209816
1731297454
1734105587
1742129651
1742376740
1742466266
1744261650
1747046083
1748115767
1748509764
1751392901
1751941171
1759350739
1759548304
1760366281
1762478494
1766818341
1776337604
1779051787
1787481284
1789454334
1798652709
1799256972
1802381070
1820077936
1823372308
1837582545
1838435766
1838702578
1840517029
1848983442
1849510181
1851890630
1852309363
1855214274
1856323984
1864704062
1868587538
1869445103
1878526138
1888392297
1891051788
1891747460
1893035455
1902479439
1907484065
1909122959
1909503935
1919792538
1924366748
1928197051
1931229599
1936807607
1939799654
1940667216
1946903765
1948256323
1959405164
1969298966
1976264991
1976508965
1985459127
1992948961
1997998950
1998316140
1998647060
2002464766
2003284724
2006998762
2009186986
2010640403
2024713498
2027041640
2037556880
2038095655
2039000312
2039291889
2039305389
2040932686
2042613739
2053349863
2060624219
2061772820
2064804234
2072082220
2076137901
2076612536
2078090511
2081688605
2093139735
2094872104
2095305627
2096734132
2103619235
2104960899
2110253300
2112316046
2127149341
2135526101
2139247640
2139660106
