2520963
11971303
12096992
13796272
14616763
15554700
18977553
24635161
26895374
59128844
75430720
96251560
105308989
120052171
121804407
128541408
143551750
161795737
176189561
186613857
211494212
217069908
219979814
222267771
225801642
257057454
283024816
283296859
309663957
311055991
317517194
364438960
399063814
401652995
405887287
420928185
430881132
444592845
451988895
474092317
475967969
497785299
502239476
504327840
559224859
576605633
582759388
586654657
597523994
607458689
614752858
644782729
660843541
666602248
686516308
690267088
696871931
728872077
743007242
748759310
756569082
762834137
807396822
850799983
905241449
906275651
907949995
927698826
942843939
952233786
978345332
1040784444
1050126669
1055447444
1058984948
1092969979
1102891362
1128153515
1145103858
1154810919
1169248618
1169396880
1176338002
1180365064
1209845493
1225699027
1225924491
1229693464
1246717481
1263774351
1279278054
1282628531
1339569737
1363763877
1381377411
1437040248
1449192555
1450681726
1457137800
1458314837
1485710350
1491700287
1498031055
1503765941
1528140422
1541488781
1546245913
1564658567
1567635848
1580427145
1582321613
1618877995
1641036194
1642248427
1660404765
1699138081
1726290703
1734353974
1775015261
1789348890
1809481345
1820841833
1828715228
1866711150
1911603796
1915193492
1926315940
1967231258
1969640252
1985486161
1986151150
1997436872
2012138122
2020376237
2044254030
2077498258
2086152676
2089183309
2093193275
2097397694
2098217226
2116705608
2118804262
