512562
2679375
9609454
10587977
17852618
20124562
21810525
23952658
24694946
26533591
26957033
28078403
34027737
34247977
34792745
42362528
46248058
49278276
50901244
54143310
55854930
56544137
64009978
66797268
73607956
75662288
75993496
76185795
80132043
82115911
83414385
86656938
88987937
94864276
95875683
98316452
98818569
102762347
104468443
106291017
108205234
109636681
112006618
119852811
120679228
122728441
124351435
126291855
129126522
131224342
131970030
137667524
142013511
145213336
154844196
154938205
157786496
162050745
162115080
169164014
171792574
178335820
180880251
193451098
194544076
194616141
196780068
200243210
202936979
206883790
208300170
211303489
212797028
213080653
218640508
220567095
223157608
224206102
227064431
227196375
231615646
233194673
248961984
256859432
261991694
262565747
262692106
263550259
264967718
286514245
289125832
290599063
294321105
295887406
299091418
303454771
307000032
308170456
308923347
313167187
313172196
313261447
315084715
318053756
318146589
319834037
323752599
326552354
328069034
328637746
329232724
330368215
330806804
334046636
340168267
340296054
345755392
346497939
348725460
349238211
350538974
351413666
351730639
360491666
361215378
362000650
362842095
363271033
375720504
376540381
377774263
380755621
381521411
385372068
403595024
409087598
423603099
424753072
436757821
438729032
439073982
442679709
444819853
448583527
449244300
449721085
453823509
465168715
465448249
469322557
471849341
472979514
474848753
481775769
487725815
489592101
491553022
492083138
494164405
496960900
500160185
500949841
502612580
502651914
503240383
504614866
505596286
512190685
514390943
515717713
516990488
519496858
519718772
520064721
526588455
544656714
545933557
546944867
548116993
549913841
551919316
554402953
557774617
559080890
559413862
559675726
566204165
566883739
568099028
573802198
573805026
577125832
577606819
577803787
581115400
583042309
583613551
585860758
588208647
588995088
589238476
591991838
592053898
593226221
594343154
598150142
606595155
606827617
607869639
628041292
628745052
629455212
635171184
635905488
639810239
642762308
646113231
646125162
649130859
653481624
664090842
664313561
664641527
673525657
675282259
688799430
690776326
693361298
696694164
703686353
705460937
707219890
714220314
716871062
720638563
721170145
725420453
732062275
733759419
738484987
740478813
742591446
749302962
751868764
752645066
754100022
762604382
767279916
769022968
769868931
772279665
786579141
793874251
798716402
799557994
800114292
800646358
809830152
813533436
820737038
830130022
831827342
832515350
834283810
835403381
836842262
838662198
838830052
839932985
840066344
840554466
842289947
844099495
846863828
857943117
864537600
865732614
868449741
870691240
873363749
876889552
879825156
885313894
887263407
902268035
902277833
905302983
909442978
919377341
919976028
920300839
921643149
926292363
930713542
931048587
937017284
937493231
938188049
939897776
941234937
951020658
951908737
952256807
952924708
957863697
960892297
966747560
966838771
971042357
971638847
973660565
976081591
978216170
981153253
982134227
983482741
989684221
992881017
995299406
995558544
996278340
999972694
1005920732
1019357598
1026943432
1031222228
1036832778
1045331723
1049732773
1051480096
1057046727
1059115160
1063366146
1064555621
1066169079
1068679364
1073848619
1074018868
1076772746
1077066864
1078580955
1086787838
1090256732
1097408655
1099769650
1101891886
1103469994
1106465034
1112606767
1121199670
1123122685
1123828912
1124024945
1125724112
1126072619
1132588548
1142890485
1142951922
1149538585
1150452346
1155502988
1156054709
1166255847
1166335073
1169920939
1170515195
1170642347
1176519141
1178774360
1178947081
1191987033
1192000393
1198134853
1198355588
1201228102
1201507764
1204547569
1207387949
1211722493
1212726476
1222695253
1223168241
1224052490
1229527245
1231562605
1232174598
1234515955
1235135808
1237644601
1238123609
1244761461
1246990159
1248182561
1249364648
1250117925
1253362010
1257970904
1258232508
1265732589
1270703279
1270971784
1272370509
1274385619
1274391806
1277737567
1280555706
1283969815
1290377709
1293940904
1294775531
1296231271
1296927065
1299553954
1300058990
1301603269
1306981902
1307355231
1312669139
1318975379
1328081447
1334731093
1336492855
1343667164
1347953493
1350593154
1356448409
1358127135
1361856332
1365018052
1366025879
1366188088
1367015547
1377543281
1377922899
1391295422
1392953493
1400053263
1403315529
1407480673
1409180496
1412435530
1414435602
1420228049
1420949008
1422684977
1425312449
1434727645
1435061441
1437548230
1437614803
1438780637
1440105539
1441818540
1443454059
1445524860
1455152515
1460386525
1464296102
1466088262
1466642627
1467321802
1468211142
1470088684
1488314993
1493817730
1494666336
1496517596
1497273685
1502720932
1508011344
1515970265
1518473540
1521140999
1523793958
1526939754
1527088978
1529714251
1532017805
1532109683
1544695593
1545639476
1547754185
1548723793
1550439175
1554989837
1557704149
1558954706
1564589850
1565713981
1567696242
1567749667
1576755281
1578836195
1580660546
1581016832
1582867292
1584038831
1585416142
1587271132
1592820352
1597905232
1600479020
1601028489
1606718230
1614085781
1614418520
1614714315
1614800528
1617400954
1637559564
1644939368
1646937156
1648947081
1650120904
1650242823
1653278569
1653914232
1658885164
1659198663
1660725950
1661853129
1662561631
1662667351
1663882443
1670142018
1670874251
1673179570
1675219542
1675737319
1682072860
1684856529
1691788226
1691966756
1692990519
1694614888
1697285266
1698545724
1700209018
1703910042
1704188854
1706960205
1710228489
1713092283
1714366334
1715162680
1717708572
1717728346
1722807713
1726864597
1729848910
1733853542
1734006973
1735931975
1739496952
1740890193
1744687002
1745439921
1746899826
1748278502
1752680178
1762693756
1763601100
1764995649
1777713741
1779792646
1784909344
1786230851
1789083232
1796487297
1797950995
1799612705
1802892089
1809512703
1814174960
1817170506
1819750355
1823015404
1824267023
1832333950
1834202476
1837751976
1837781075
1838514651
1845364006
1848671911
1849914750
1853976533
1857305281
1858068807
1858470385
1858684549
1862249463
1863281505
1863705655
1866097467
1866228527
1871822816
1874212062
1875264858
1879463145
1887368385
1888235862
1888330887
1889083175
1891851405
1896437445
1898675845
1898987311
1899446874
1903950012
1904230224
1904344817
1921026321
1922674171
1922817874
1938970145
1941508842
1943355808
1948199478
1964074154
1978159172
1981334912
1982085398
1985690116
1986879212
1987330957
1987649478
1991668382
1998604415
2002728222
2002923940
2005937734
2011098891
2016573675
2017534947
2018210465
2018718317
2020011677
2027359405
2030385653
2036044941
2038158219
2043930895
2049514239
2051250342
2054298165
2055048622
2065976759
2066370385
2067669600
2070188732
2072574976
2073876746
2075157403
2080813730
2081615150
2082582685
2088287757
2089193312
2089407506
2090551746
2095287761
2102105421
2111471270
2112042908
2119697547
2124022217
2124456256
2125791777
2132624385
2134025056
