5702820
22140354
23091337
27880551
52512533
68095362
99247943
113766862
120767529
133551593
160968014
175158686
185464660
186926347
203909943
221367907
231754261
254807640
277311325
280253872
287331362
291897511
292273140
293297206
308207453
312106007
313997250
314149684
321208477
322296440
326401136
333127023
340324729
342531553
342699771
367813488
376007832
385013453
389398706
401044566
403908354
416325575
421525001
436985611
468817207
469613362
481212436
482494654
487519712
494054337
506607435
508639534
508832701
534649557
546758779
547588702
552876160
555855078
567159014
568075573
568689854
598258747
607591560
611283339
639047694
644864027
656991109
660535562
671323353
681934979
682217099
702431496
706476188
731925285
753724296
774699844
783525451
789372409
789829707
792975446
795188833
795818289
813807702
819203804
825674268
834323585
840672911
846642112
882509346
884957306
894701564
894947306
908874411
932683386
939563291
946213563
947980950
971171377
980933728
984460071
1001865761
1024042163
1048545713
1053852959
1058819126
1068817629
1071463442
1073215265
1088736345
1088768342
1093686279
1105768823
1123903214
1126529049
1128083025
1142686483
1150658314
1165994020
1172069182
1219497386
1241379333
1243896878
1272756480
1278219191
1282939129
1299378007
1355887119
1357894591
1358015272
1383356750
1398934662
1399462657
1410593675
1418934828
1435689599
1445830716
1456396600
1486864315
1505606741
1512832312
1523551640
1527974255
1549044499
1552336476
1555761832
1601616039
1606396809
1608825713
1612867929
1622125223
1634962678
1642127134
1644124482
1666742950
1671637311
1705765459
1706012616
1707499725
1709122912
1719732878
1751022196
1764465781
1767317351
1775916492
1800735975
1809045104
1812512040
1819097439
1819978396
1827215923
1831077975
1836139736
1839439212
1877995036
1884890299
1895410093
1899866015
1918393541
1924468028
1925983337
1932690269
1975590544
1985692866
1993458581
2017448930
2027219027
2035190208
2040865610
2050022115
2064667095
2075708199
2081344496
2086052647
2100755038
2109846861
2113770951
