6402728
11446481
13491539
15511737
17371786
22491658
23476648
25317653
27700067
29110055
31354361
44472788
45377515
51968389
60174134
60175804
69044325
72347904
75578474
83581098
86047653
86524185
89915060
91449734
92480897
97977619
98641689
98723187
100008138
108145145
114817500
119176241
120398140
121582201
121824802
128995424
129838760
130221927
130694727
134486273
146563073
151769073
156935826
157379427
161714942
164035626
164489081
165668095
166738203
169838077
172826573
174221542
174573027
177231145
178678354
179530666
180358063
185374788
188686921
188760347
190231261
191917165
194745149
199130676
201943632
213463327
218690619
223113983
223186515
225556724
227855400
231269164
236467146
238963785
243009424
244223608
246106394
252145340
253294494
256659836
263271235
263553338
268156130
274074128
281116042
281787231
282509176
284816015
289587491
292205530
293208948
293212580
296928881
301414196
303199920
305372950
305993218
310920102
311938586
312031865
313870773
316641215
320388267
324423239
324813926
328574779
333370118
337181255
339080572
341017442
343138447
354090796
356653968
357354947
365548276
367131081
368770174
370264619
378170544
382243455
388845650
401752427
413138902
424727043
426629818
426720602
432545867
448101841
448565211
450594699
451939139
452020353
452880222
454725867
461191847
462793276
466500762
468478128
469914605
474797168
474860055
475478326
477185385
477970217
481235225
486687021
491668922
501247876
504919096
510509066
515147709
516605984
517776129
520905273
522280528
522801037
526027896
526822535
527413807
527866176
531343111
536101729
539849386
547116095
553561386
555528149
557212862
559047331
563740723
564454421
566241574
573985707
577322059
577574595
578683077
580816162
586202987
588039563
589694436
591874275
601943506
602365199
602801007
604670706
604999343
618255752
621133812
622290418
623223313
624475058
625227051
632610788
634279289
640549638
640842369
644056917
645290499
646813051
651560536
651948335
652892814
656381399
658281952
659662459
660620436
661805410
666575490
667536492
667695371
669059158
670133725
670535168
671941695
674753580
674958020
678401834
690351627
697011973
713987635
717180146
720728467
741442519
744232575
744874693
753628650
756530678
758812499
758850199
765846079
767234590
783780679
784814183
786800895
791720683
796549782
799716917
801899239
804470900
806441163
807055698
807938138
807972304
810895163
821493849
824286653
824930239
831249116
834099351
839251812
839866050
842679729
857257135
859322425
860242472
861130167
864957172
865118215
869379322
872498482
875846186
888147652
899017135
903074317
903488573
905349569
905540034
908942115
913620828
921943118
923712133
928702497
932029220
936593634
939231152
943022269
945960223
946409540
950330608
951763952
952119097
953237810
957531623
974418020
976853749
982890506
983333825
983745176
996521618
1003471121
1006244779
1007206078
1009749506
1010467004
1010818686
1018383261
1024100440
1031973578
1035716223
1036847394
1038231343
1038747820
1042460764
1043756323
1046662351
1051413347
1051817082
1063645258
1068328694
1070767404
1084577141
1087330324
1092742949
1106333693
1116111904
1117766771
1119387696
1121245533
1122419636
1130610615
1134286534
1145718057
1150050756
1157993667
1169514248
1174602380
1175103910
1175854216
1177432842
1177465616
1178538924
1179325013
1188713516
1190749567
1203168807
1204824214
1210030468
1215091345
1215580680
1220509598
1222329261
1235315300
1236475172
1236962525
1237217337
1237297649
1242160008
1244866153
1249549926
1252554849
1254961584
1256266176
1256379355
1266513038
1269223729
1283969242
1288567188
1294721969
1297407494
1298321667
1301992274
1302480997
1304577610
1305493023
1307703228
1308781601
1322080208
1322094361
1333403157
1340044277
1347023139
1350184948
1350827797
1354044822
1361428982
1365009482
1367680749
1367900307
1370645917
1372127897
1376216739
1376481608
1380446399
1383228425
1385566567
1391843514
1400990676
1409660200
1410447472
1416782437
1419937542
1422768877
1426786888
1429671652
1437288618
1439585824
1444168748
1445260481
1456413432
1458575872
1462019387
1463157450
1464059119
1466166318
1466468322
1467357175
1470140807
1475575789
1478814229
1479385504
1484370725
1488018614
1493931564
1495971840
1497302708
1498539678
1504563412
1508221535
1512845049
1515003254
1521409579
1523660132
1528859696
1533271207
1533396378
1534700476
1538945694
1540323483
1544871733
1550233092
1550892198
1554177047
1554353241
1557396216
1560831696
1567860138
1568176866
1575218275
1575927752
1577549315
1578546927
1578843080
1580964106
1581924301
1582515535
1589309943
1592258952
1596161750
1597278987
1602500072
1603774807
1608675513
1611839200
1613741270
1618236092
1624922685
1626293077
1627512676
1629940948
1635302818
1636362599
1646166750
1646447292
1650186734
1653058113
1653166214
1656597339
1656809898
1670617911
1674163393
1675572375
1675854183
1679744397
1681776183
1682294593
1695759098
1696345842
1698558317
1700317217
1701909413
1702445101
1703112470
1705553282
1705827686
1711578139
1711797558
1714658039
1717884501
1719720922
1723632368
1724296939
1725247081
1730988684
1737368931
1742773766
1745004997
1752164008
1755365238
1761136891
1766091965
1773906516
1777326174
1788915328
1805293789
1806113720
1808148918
1813670334
1815261391
1815478857
1822403145
1822711142
1830830643
1832540172
1833223276
1836148147
1837872767
1838538408
1855051939
1857184514
1857989455
1859557678
1869762900
1870300168
1872517436
1873269835
1874029299
1879190986
1889561093
1892976221
1896789452
1902752155
1907914906
1908157020
1908602181
1916779183
1922347009
1923746907
1927601026
1929853204
1935851825
1943491999
1945509255
1950725668
1951767273
1951798717
1961092636
1966644312
1968486858
1975112705
1976758832
1987454715
1989161046
1993777498
1999045656
2002715858
2004933110
2014253971
2020021751
2021734489
2023839379
2029356048
2032895696
2033133895
2036372903
2041249098
2042188398
2047870714
2047960364
2048661961
2049844756
2050302133
2051982930
2052107148
2054639249
2056501567
2057314957
2057423738
2060624948
2064501256
2064737967
2066937440
2070183526
2082028288
2083369770
2084620980
2086240514
2087821579
2092874602
2093063696
2093571146
2101952546
2109982045
2114115096
2114321155
2120521523
2122148022
2126283667
2128303945
2131034171
2134225975
2139020790
2142194795
2142921925
