468482
2396884
3494431
5608430
6824108
12829161
14020899
19633779
21831800
22246560
32233726
34391665
36834715
39198628
41669183
46499183
49080037
54309311
55975866
59733446
60726682
65594835
67553537
74001998
75867333
76314896
78196082
80403660
83479011
84393685
89845165
89985906
90706985
90845329
96040002
104282089
111643939
117346106
125563013
129325875
133203960
137368019
138232191
140404155
141109376
144186029
148552131
150157154
155413576
156764365
157561342
158515427
184822937
187617548
188542476
191037559
191543143
192484197
193915837
195383245
199374808
203756713
219131127
233857394
235779342
242984870
243641293
245084555
245357856
253670029
254289759
254359398
254461411
256472188
262480939
264540275
264779447
273082803
278262016
279173688
280201848
280693805
285706151
286138243
290114329
290784425
293198387
298068900
303555573
303702452
312026862
312809087
313105997
315020600
321395667
322413871
324102470
326530361
326563986
326899754
327535949
328090768
334959358
335299183
342273311
342357353
344887935
346684314
347612612
349621515
352353969
354942546
355521983
358548773
361461836
366638062
369510205
370969737
376112530
376278953
378033053
378922977
383691521
384840894
398002053
406040018
408755301
410618600
420913101
434750350
440883519
447749788
452466776
458166542
468753530
469272760
473100519
473160292
474205491
475355289
476947718
477532255
477850573
480849552
481061700
483242027
486742519
494895185
499209464
513409293
513565111
517719583
522388157
524041385
528384187
530116382
532157474
537361704
538661291
542426062
545694881
546146948
547987828
548014671
549301505
556316273
557181232
559091883
559992458
560820869
560883552
562049145
562308995
564634654
565423193
567098904
569088090
570962658
571505877
573544413
576719813
577099657
577314263
578484961
578612049
578997542
580488002
581387348
582405843
583088460
583156770
585730835
586142239
586353838
586472472
589701095
595398486
600131087
601493742
602936793
605764669
611841193
614509884
620902500
625386471
627678922
632081126
636072279
638163310
638265560
638442915
639388333
639613227
643688563
648450155
648915699
657175383
657456803
659458126
659873220
672428814
677138108
685891775
686223395
687635138
695857080
698354935
698854142
700907648
702098367
708150564
708688516
710595799
711039913
719184651
721138804
724916386
725102281
727072473
730246557
730445792
733121348
738220946
739793233
741041180
743342518
744613726
745669032
745911108
746647758
748843348
750867379
752043284
753344833
754657087
754841418
755298282
755679130
756031906
764576121
775365558
775603064
780818780
782135440
783538439
783851419
785122084
793280934
803336144
812146781
817908736
818761965
827032826
832219967
837252635
839328565
846015596
854259904
862751076
864605763
868949826
871036334
871139426
871344227
876149865
881315284
883655432
885276727
885800120
890010686
891341558
896107582
899245975
901857029
905690812
906005351
909564468
911553236
913189097
916305410
917599129
923244471
923867880
926753927
930864097
933092473
934938348
937044315
938269558
939587138
940996452
947644594
952631106
954686754
955324791
958462327
959967990
960342306
961062482
963283837
963509647
971526597
973035587
977763748
983582150
988124846
991434296
994970071
996122954
999865959
1004034345
1005237010
1008491996
1013002681
1020526631
1023801132
1024684230
1032208460
1037556429
1044089531
1047737176
1049614054
1053499151
1055165426
1055941787
1057748597
1063228915
1065163773
1065456775
1071264829
1072061709
1073124206
1077418052
1079244273
1080995546
1083314831
1085449679
1092993500
1094177162
1097472369
1099795365
1103649522
1107291119
1109765356
1110721683
1117768076
1118912870
1120452244
1122213092
1126408409
1129347638
1140691350
1144335703
1150800147
1152338589
1157669000
1161279547
1161919285
1163648813
1165334559
1169650044
1171684498
1171776906
1173812858
1175059242
1177132353
1181962726
1185630062
1185998247
1188563317
1190916651
1193771975
1194981132
1196488317
1207036141
1211613749
1212458210
1214129081
1221257115
1231984767
1246314581
1253261690
1257792256
1260345747
1261063243
1261414330
1266410703
1269423493
1269461084
1277785347
1278918589
1285975836
1287670158
1289059309
1292368687
1293962493
1295014807
1298464041
1302120918
1308620824
1323965206
1325467974
1335681813
1336198180
1339667903
1342106608
1344893945
1347136677
1352625887
1352644751
1354520134
1367148940
1369415375
1370561514
1373956250
1380410157
1384094717
1386645760
1390669874
1391114810
1392181301
1396920372
1397907561
1400474522
1400742204
1401852389
1404093678
1404193627
1404775427
1405149427
1406218754
1407338620
1408092292
1410779960
1413368739
1414371144
1415961639
1416321956
1419925662
1420868193
1421443307
1426543198
1429629151
1430862736
1431326033
1432729120
1433809497
1433964285
1435909494
1444100707
1445325427
1450142073
1452126384
1456812997
1457804091
1462124124
1462226286
1464131781
1465194414
1467126418
1474048414
1474259859
1477781758
1480297143
1481771993
1485279680
1486105782
1486182163
1487923064
1488946940
1493654813
1497396310
1500930743
1507325536
1508618137
1513320193
1516265304
1518373240
1519900452
1525892225
1525944656
1526108435
1534797060
1550925982
1554703139
1555978416
1556017365
1556791842
1558484214
1559603317
1563495274
1569947741
1572877027
1573531970
1576251361
1579890573
1584492106
1584853786
1585899892
1589571521
1598548402
1607615167
1610160041
1610413672
1610447550
1618026333
1621546860
1626331311
1629416152
1629723742
1631015927
1636745732
1644463060
1644684007
1646458942
1650211593
1651325822
1654341555
1661583251
1665913556
1665944617
1667083793
1667483301
1674895658
1676196899
1677803393
1678389665
1679634687
1679938749
1681344814
1684314135
1688534050
1695945392
1696348862
1699835800
1708646599
1712137496
1723652330
1726900509
1730098221
1730833405
1733048903
1736042829
1738692277
1739688373
1740194617
1744695327
1745063464
1746691823
1747426619
1749196380
1749463200
1752405355
1759036007
1760497956
1761509119
1761602742
1763047334
1765016215
1768284932
1769935440
1770595590
1772461672
1774299031
1775380269
1782568444
1784034648
1784677886
1786208146
1793224278
1795215941
1799232165
1799941927
1800079939
1800974266
1805150675
1819972897
1822064670
1823852954
1830009026
1832304586
1834049290
1835588679
1836205646
1838303126
1838611730
1839914877
1844311183
1848759410
1848805883
1854731054
1854842610
1856777484
1858285047
1883564091
1883971380
1887905896
1892097551
1892340579
1901920173
1903183540
1903864518
1905965492
1907270924
1908103303
1915238646
1918848539
1919086189
1920092308
1921515739
1922034548
1922598459
1923731333
1924042017
1928506303
1929658807
1933353551
1933366620
1940075839
1942085112
1946391172
1947644341
1956428013
1957282903
1957485153
1958998861
1967889168
1967981866
1971466457
1971823689
1975204820
1981816181
1982791958
1999759468
2003414781
2004619426
2005323936
2011284920
2014305103
2017653767
2017795927
2026221936
2029391323
2032909171
2033631639
2040380821
2044714668
2047727252
2050509166
2051011817
2052132910
2055569709
2057124319
2063887873
2068305112
2072697161
2073347651
2075484036
2075544592
2078138242
2079127481
2086066527
2093233938
2095590322
2096152290
2098097553
2100295279
2101079523
2112691613
2114988490
2124055133
2127595945
2129041857
2133529737
2134101436
2136338798
2142336266
